5 2 4
2 3 2 3 2
2 3 2 3 2
2 3 2 3 2
2 3 2 3 2
2 3 2 3 2
2 1 3
3 2 3

13



5 2 3
2 3 2 3 2
2 3 2 3 2
2 3 2 3 2
2 3 2 3 2
2 3 2 3 2
2 1 3
3 2 3

13


5 2 2
2 3 2 3 2
2 3 2 3 2
2 3 2 3 2
2 3 2 3 2
2 3 2 3 2
2 1 3
3 2 3

15


1 1 4
1
1 1 1

0


1 1 1
1
1 1 1

1



5 2 1
2 3 2 3 2
2 3 2 3 2
2 3 2 3 2
2 3 2 3 2
2 3 2 3 2
2 1 3
3 2 3

2
































5 2 5
2 3 2 3 2
2 3 2 3 2
2 3 2 3 2
2 3 2 3 2
2 3 2 3 2
2 1 3
3 2 3

13



5 2 6
2 3 2 3 2
2 3 2 3 2
2 3 2 3 2
2 3 2 3 2
2 3 2 3 2
2 1 3
3 2 3

85